48882
980633
1191402
1780123
27417565
28419192
48345771
52983407
53961327
57543456
80058642
96631654
101766111
108142691
114344585
115649467
116005557
117432313
118178606
122813124
124141324
127451067
127810221
134471014
135924813
137370185
137878567
143304419
146101371
149793618
150872084
154574572
160572042
165952797
168090319
172356058
179542628
183190974
186592835
189509430
192836317
195347645
196176948
196410802
197643553
201244548
201661532
202026455
202985737
205026457
205473111
216797054
217095347
220373819
220791820
226759912
229306370
233894878
234243500
235019746
237909804
240088707
240334094
242681084
245440154
250717209
251255289
252692649
253452865
259537358
261910173
264635500
266703678
270158919
270207938
270689793
282081451
283935968
284441313
286000149
288621414
288932006
289541449
299143115
300824371
303402776
304218137
307093719
312046191
312698180
314820946
315132953
317367977
323161906
323832199
325874465
326768804
326980281
327884544
330388432
334852652
335606406
336382975
343367235
349369169
352342322
355638924
368045549
368394851
370198290
372559016
373513674
373771938
374077954
378776257
379969816
383598389
385258459
386258477
391164634
392434232
392836103
394057780
394385012
397526002
397666209
400301369
401954319
402335248
403303493
403485237
414853367
415042104
417390092
424220472
430288076
435967730
438818445
439572350
440980291
441660161
443573518
443666450
444911531
445919256
449385879
453703853
455048399
461044073
463127629
463139621
464807549
475321059
476113332
478550133
480913236
480916842
484769175
493711898
494310072
496345981
504112975
504803025
506831830
515767861
518809543
519604782
520206260
520251635
521375483
524805733
529310335
536935916
543939772
565192916
566458966
571517060
573023587
573130554
585104043
587168725
603896140
613990544
628345558
634250682
637135132
637219469
637478090
640417246
647740423
653004798
656812483
667304694
668860248
677284921
690698259
692983030
694924713
697901353
699786750
700667576
703983157
713940517
715648769
718569335
722211880
724032494
732652883
733550014
750339216
750986716
751429489
755277843
761019795
761649224
762151836
763612328
764043855
766164105
777626352
779779926
785394796
789905383
790073921
801322892
805555349
807096091
808437545
809699234
813862317
817059885
817404525
819749851
822208874
829085694
829732275
839895138
840686213
843624561
845423983
846414595
846766204
847871802
849765070
857186550
861206164
861384314
864740260
864779560
867516663
876498448
876785411
900512100
912894474
935422813
936308342
954770931
956144704
968695505
978291891
980158581
984620789
985086564
988285233
989134850
992413931
993226542
994507751
1001976376
1005937850
1010212298
1023668085
1027642818
1047566738
1053369681
1053701164
1063052236
1085722629
1088310193
1092058810
1104363073
1110279755
1116176417
1134615360
1147625763
1149119569
1157862045
1170683977
1177648138
1185255845
1217076291
1226247186
1231810043
1235188841
1240715959
1246147170
1266849878
1270738358
1284700870
1288614121
1292050050
1311803394
1312157890
1329446859
1332488855
1335002613
1341660131
1345000047
1350867388
1352115958
1362194228
1375218161
1378417842
1400937281
1420865308
1430153765
1436982785
1449905572
1456955239
1471564645
1480074325
1484527204
1512073426
1550889296
1647255258
1693761543
1731685838
1736803788
1740920244
1758288828
1830791400
1839954289
1900938027
1930584317
2014693849
2039514283
2042948148
2066515372
2100772405
2120885187
5015457735
5068105844
5128667736
5135284453
5174578877
5186179782
5190486737
5200345686
5206726900
5241546205
5379693801
5553666891
5570180584
5664225274
5765822930
5849284922
5962830233
6008582003
6150574145
6167283093
6712872768
6803216341
7203589117
7711467233
7820133328
8096262416
8183263086
8219645548
8592677051